$ANSIBLE_VAULT;1.1;AES256
33313936636230353563646665303065326236366166363638373639353865303038353939343266
3130356536303862656566386430373930623338623562340a343561656132313966383837626165
31656531336266316266353465633435323232373965356237613663313239636631326332653565
6237396339313336320a623830303864623739383939336636363734646339373261643132663732
65323566666330373464353964643035663333373732383938343536356161376164656663366338
64623338323563356334643763383163656437343262306438333064303662646533356530653431
39363565326163303164643262383532356435333035306630613064356431366334343433326662
30643332306430386138376265616534633334636635323735326632613935303834303664393161
36333431366263633164633039366535396361626533376663363566353235383931393034336163
61336662646130363166366566323864363830313565386463656566363335393434633730306364
31666237303739336137613836663933346332313362306330346436623837313031333434623936
31376564616135326536663665393033663538636337393332373233643666653536643963393465
30313732616131663133383030633539383438313465613332633239343435373035643733333864
61386332316466623135633462333132396537323263326565373631323538353831346231663937
63363265366165663636653437613434663562346435393963643335373766323764333838373737
33366137376261303439663162356234386264663763306538326365383366303964336333646632
62633237663965623561386339373261336665323938623461356632316630386339343630613665
31383665393064363066363230666235666438386133306562323830623864373866316561313661
32666531376537666232623232316133636336616462353266613130653964356564363635623664
63633137613734656632333936313538333630656137663462393133643637396338613937383131
31663965623132366466323736343933386639616535373037656532656635383832393264646435
62376530653434386538316138366565373666363538653738623930646432333165653564376234
34356362326565643136396237313530616536623732643739366265356466333133396334343863
62383534306661613262633330306630316536633230346131383462366531366237633065396535
35613835626262623863623033623266646530643530343731643664366538336366333062316637
30636630623863353036616633643936316637333436626439656337356634653561336338626262
35626530396130623665343631373539363963353035373739323662623639306530363663616465
61663530633463336466623736353362656264373061326135636366373965373934303535313062
39633833363466343037663766323837306136633437353833363634393564323732353763303335
37343961646462356465316263393838383534626265363131396466323839396335653263393764
38663131363665646365383735633137653262326430306162666133326164343538386138616366
30303731616332613337613035343934323261306435373330663538636532316438613633376165
32646563623630363933636566636130386561386137626561666433346533636237336132303039
33633132393336336535393634343535343764306337623535323162373130666637343063613137
31643063396266393863393434363064373436303835636530313832346233616165306234383961
62666235666330633839623438316664323932306265303939386162666239366333326434303732
30643565383763386561633261363666613366613166336564373164303062386633643165323433
39396333346464343536353732393336323631393535346536313634323233323464656233646162
62326533373137623463386131323464636533333838383964333934346437653037666262313662
38343430653933636134323834323934623835346361633765386364333237363065623730666663
64316432633362383566626435373736623764653165373262383261623736636634366630383662
66333638616566333164336432326534303462383831383439626133333662313866313862366439
31313034353265393161396666393136393731313564646633336564646634353032356533626235
62373064396439363930636635623531633834343838363261396566333135353165343663666631
32366339353635643930613535323937666665303837656134623636616661616138333166636336
30323135313434663336336237313237316137313830623735303766353462376661666166313461
30366635663561313561343536373234356639643434303237376461643463393663656234376131
39623431303066656134383732306532303132616463346637363337373736623663306362336338
61623335313666343161333939653566656130336439346163653665623837373438353639323136
34656165383735336561363333363831356164363734366230623934613335356437356666323834
39313332393432653164333433626231646237666666313362636639356339313039383730316165
38313166323738333238653436376532303635643231646231663363346466623735323131393034
34656132623735356433313761353536643236363036653536633361613636333530376531323639
38316463376563623236383838353563613164303965346264343639346565393035363332616137
32323639346661646630643334353939363131373164613361373930613331356638383337653763
30633830616238346637346533386461386361353666316363316630346362656332376639656465
35303963393739356464616162656133653531303238383863366165323366396666383530376138
63326632386339613861373230653236333037333063356464626234633965363665366337373161
36323864643234323832353937623564346333376438366462356336316664316265643765303533
66626666303366643766653038393136666565653064396331393934346632633664633937313664
37646131336236356333616637393463353132626635383136633035313235643864623239356664
31313933653966613366393564636537376564353738636533666163633066656539323164393336
32623234663735616665363836653233316335383535393862393833653133373462653237623461
39343839636438626639653635656566663739393336633061393264643662343233326339666438
30663539666663313762623732626566316431363765356234333833383165613834663139396236
32383963353831343161613662653335313965353233623039346632386437383739636234303165
35363331316666623161623738356230353435353831393030633134653434343366323730333463
35383566373634663962626262616133336132363436396163366635366536633561663330383734
61663236326164636133333137616465663664633738333362386536316130306638656265396535
36336139353139393163623030656661303562666565666136323530613635616632356161656533
30383231346332663763323762643361316264303662336164326233633531343535656466323835
62353830383139376236383165356663313363333436373639316362616261333063623161623835
62303238333436616430336635366237383732666462366434306264636365386365363739356632
31323639373036353330303661353964343963376464616365313738376164326236663761346563
36353930326135313339626138623763353134653838613439613162373133303830346339303735
66343638623232643530636134323564663434656465636662663437393133633231633036386563
30636435633432626334326537316465313830393937363934346336303631613438326535663232
39373662386431333864313761663539303731613336643531656466653665616365346532323739
33363232383465643063336566626361366530623263626664666163346664326631353338363634
61643562373466643964373633323063346562643432616332326335346364663435313465343665
39663937383634646633656330373536393161643163383034363362366537666435623232303236
62393562633266303539626430353965376537303036353661313632303736376466643433346636
63306433323664353261343132363932396639623537386335663861353966643736653536326338
30303330656435323738333932393662323030366332366663636262373563333735663538623733
65313630356263326331303332313064616333353539373131343732303130343239323236383934
61643831626166613730353666643463623738656336666464656235313432366563656264666366
38326165323234386330646535353733643461393964636233626662656530386662313036653237
37626162363765393635
