$ANSIBLE_VAULT;1.1;AES256
36346132653137353664643764646363366630656362613263663235303964353737636362396430
6136303236656665663533386461383531623633323831390a633130343537613762383639633831
38353636383531366433653162373132333733393861376436333966346231326463313134333136
3762326261376634360a333364653064323137393638666238643637353237363762323532376566
32326336383530336662613262346438396231303334393762646135396234666563353539383832
64643831656632653339393835653331303530656434353264353662383934636266323437396332
64303234626530393737326436366136323465306663393361636434633933653537353531336532
64396366393061666133373931376262636466366337633461336437646464636530626332623731
38313739663838343063643239313365633230353261306533316163386332346566646366633866
35396635663636303839616166323232363266323236373039366239623065323030623331373366
37343361333031393061656564363565633030353431393036363733326138313131656333663839
36626236666164336537646531333835626330373862626231623662373931306333363763353635
30653965626366336238623466376439353335393931303730346264643939636663613563626434
61623931323666633063313336383265656431626438613839363433366662376339323239336438
34396430356530376438633034303639336632653430613066623566353739376265393132613237
38623134633735663966613861623034303766633863623766323262643039663062303362306430
36393339396432356638336239363237616238346330633764303166326534316138366631386336
39333166373239323564336666343864666238373933636662363933646337346330643235623636
65643134313864623964623035373833643737636561363532386431303265313939383463373539
34373538393639323334613863313738313134363366656465383730386433613434623135643866
37393332373066356537633232326235616265623432323736663238626538316663353933316432
38393436323134383465353966396231313831353139333533623539613630303765383366623237
36323336343539613065613866346234363039366661653832643961383664643232333737356530
38663436643236626331
