$ANSIBLE_VAULT;1.1;AES256
30353766306465666161393965396661366535306134616537396437363765373563323535613539
6665613230356161356431353061643333376530316632620a623433323435666632373063613266
38393836396162353764373839323761616334636165636438393866333435373761353939653139
3439646663643038360a363036326461303534323836366566343865643765633939363764353336
30303231343066383963393331343630393837626466343937303138313364666435336338326265
38373564626435616362343839396631653362646365636432343663623963613235613063306531
38626531616565613831303665396331316265383464636339343335646665373461643565666334
61336535353939393664636235306230333661363039616338316135636362326339626230633932
66353031633937323139363036643261303761336633343730363264323132373266313531663165
35663837333030646633373538316231626330376139643465636532383434393939313863626261
33323730396437313639383833633261633161333362303763313836663161656265653439623030
31353633636635646465653963336238376230643734313731326237346431323838616337373764
63616335323064663832356539376364316636663165353232336237643737366532663531653033
66353762393135343837363839383630366339646465613664666630646432663431306563323934
38363736653330306264623538643833326334376263663536353464653239656466633730646336
64633733653363383532343439643461386331633566313163333831353962313634656239656266
31363035396163623631323735373538636362643739613033663635636631366136646239393161
32333465326637303334663332643530306662313861663261333536616538313133313837666532
65613838303634373563333233373638343432323063323637626431613139633539643861626366
30333062663632363765396131666564373266316465393532623963636135373639663935643230
34616561346534616533303237346334383862633034343338353031353962616634666631353437
66393665306635303762386663363266363432363837376533383038303731663836356263323833
64363131393630316336316365643863313839623030623733383933636430643430326662656665
39356139326164373733656462666636656234616630356563663032663435393239613065643039
35633238663034643236613166376361343936396232346663346365376266343661663238653436
39336565373763323832343761363039343764306262373564366339343032336165653531366635
33383537376334333864323335333135613033653164616437336631646336623562633061323036
63313238653037306566626365383539383331666230646565373039363135376231393966643231
34383238666461356235343539363535653632353466633563336165353836373433663336373132
35383830313334316235356638386330663334363839386461373734373530623761353030613036
64393233653838303137623831616536383666373437623565663737316165383761333034306432
63333037383535343238376535343239626636306437393634613531663334626335633138623566
65653564353134353166653638386432653631633439633237653132623730353637323333383633
38346635353139323265386531373832656238356666643964663163393666626265633562306562
38363130343465626536356532376662326262303366373632666564643832323336363931626635
66626664633739656338393835393937326132663062636264633639383935303364666134323062
66663233316232623434353163393335333436383336306338656430356530353239663264613431
66653435616466636464346533626133313631376266383436626461306666353162346464353334
38363765303139383535353635623964613039346166653166626137303164636261663065323263
32363633376164666565373332666532336138343234313066633739663837376433396435386539
37653464313165363133386333383661656234353364666139646461336434373436613332636534
31646662383930373436316331313264653830323135643166303438303539396135316165633038
66336431663837346536626238623162313534396634336334333935336432396439656166666635
65376535336536653034383331616539623333396465393935363665633763346630346662613163
38356635653562343564623336643761643032613439353232626437663165363931353838333561
65643933666133333362333236636636353033333063363836323965656366306466353933303634
30376566613166303463363636313961386638373661346135623439616562343732643435336462
61363262373038353833653336643362386236616636316365643230343836636432366337383136
30343232643565613434613761313363643935613361646332366636366562613536656539653666
32383463313866336634353732373062396261326235323066633162343062363166663338376663
34653931316162383339303737346334326565373834626236343835323533326466353938333537
63633665383032396430396434663365656262336134643439353634643234366661333335393764
37616336636430383365313832383435633163656538613831306365393937653437363833323430
32383464383931653966383966323632333762626438383332313636626161633636323263613064
63386134623837386639306538306266633062383537393862666664653239336539623365303664
64653131653932313562613630643562373363356433303933643765363330653863356536303563
37333833336534353036666261353839323137326564313839313734663766633865613333333862
32326530313961386535646565613836313838666135643635303862633863353231313739393436
66383134366331653364633334303735343333396466303532333564343364613066346561326633
33333335303164376462363163663966613032313138633932646461643439646266393933376462
35393866396337663635633832626639663433613939306264346534353231353062333331366265
38636365333266393732373063643863333866303631653263353263613163363737346538393336
64303261613833323536633664633166343332613465663232666663613139323736316533376131
62303165363035616264333962336264613638383737616533316664663133303364386465383663
36303139623661326563656132623636633561333961333535646536386465633636633030656633
34663032303761633739386564313431613732393431303234623439353661633236626631626330
35323735303830663161613831383738356438313836653338336464643836316139343961343132
38616136313532356666323136323138376533623937313431333939373436626664376234323936
38663331383535643965636365376264656565343264306562623461373534306332306664616532
38356336316635623461366366346534636432613036373335313065386262333961346239643364
62643938336531316663616130363765626662353837623762326666346135396533383563666462
30653533363363363530623433346462326631326162303365633839386339306262666139613761
32666164613437393062326334636364383331663232376135646534656263323666336130623262
38346539643036613233313831626433356161663738356437363033363165653830656464613339
36633838373062623832336636306539383665363932653237343764313232306336626434386135
36353938353833383833326437396561336538303636386361386535313237666666613531666162
33316530336365666532396439313732633935356662633063353762616635626162666234663833
33303963613764393431363532656330313035386263356439613536353865303539323735366261
63303532633463663230636535636130336630323763613735633235343734376366306262346530
32303835313434323962646533333935373061383463653262303762373738646663643135636137
62303164383139323736343862353465316165363964353731356130333237346362326564653831
62626362383336363532376138616232393562383233363034306138396539313731306666666335
63373964656463383131336631393434653064383835633133313033623966643661653238323035
35303734643261346634646534396638666636303038356161616336653063626339356137373965
62323137323439313766316236353934313637363863303664616439303765376339666333653065
30616264643266393063613438376237363136656232336137316436313733613536663735363162
66386335313437373465333538663933636634376231313035353364383262643763663861646265
36393262636234346431
