$ANSIBLE_VAULT;1.1;AES256
37633161646635653139363162653962646535386365323532653663663635366562636264383139
3035613536663462633965356434316564343764643335360a386533363063343938623332663930
66616461633431646463653539383961323164396336313264623861613537663164386237393061
3136666462623431620a396239663339643366323233313435643164316364643136313233326565
37323738346537316561663561646664623863313539303230643732333037613033663064613239
64323836633665336662323166393662636665396561663562356661333364326561333736353533
37323663346264333235656232313932643361303233383031326632613465363261333135613030
62363235363465376162396163333263653437646361393131383234656637383239316163356331
36313330366138396533303234316236333737356639363365333335653965316235623034333038
36386337363263346266363634643836343938306261636333386461666563346362356331613265
36623361366530373135663562306630643638313563313938303763333465656338386461393264
38613865646636653538313262623865613832376165666539363336376539633266393234616635
38663638663531643434636436396537666665643337366134613761646132393531326339303062
31643436333863633432333334396533613061383565383436656331333137303465643363383033
33653466393662393035353333306334623839396434303464363833333837363063346566333637
32353661633931636230323463363965326166613934636132383162613137346630626163353665
35353362643537336130643130613936646662376133653365646330363334616230386438616432
35386463356534663431363134643365633065613762643330636665373066313537326663336364
38636539643136343461643066623731346433386666363631366534383362656535326161323565
62323430626436323637386561336461663234613466333266396262646362303736633136643530
65313232333533393665356233353533363561663930366234313266653562646662656561666334
31383164383962333462643065353133383131353835663237353663666336643330363962336134
31396164336436633737373439333130356139663335616463366464623664356664343138363133
62336236326230616131613133333538616430353065656266366636613662306664313765363566
31633963346464396336386362343637363339303939656433633131656566373536353336373836
65366162646334313832353837613036346364633637386237646535393164623035303866393736
35373339366166363462653639346465306435633962396638303333346434623963613436356534
30626665303030336564376661613331636635623738356263306331613236663965616466393362
61366334363863343563343066393731353839616464323731363536633036343432663537383162
30316639353031616339653266616361303563303931646563343335313962666235636139306331
39356230623361623164663838323837663466326135316137626134653765633231626234366661
36623064306664636434333665356338366437336165633363393061326633313266363137633430
34343630386434393039633561353461613332313330316439393164633930626130646262376564
65663835333464623363393639316163643363313166636338343134333934646466336165393835
66626466366363666162303133383064646463323161393238623933356363633136366133623337
37633132616232613430353435386165336564326534663538613264643835306635613038396364
39336135636233306234616461653032353438313538353265323663613430613335646536366132
65336136356366343331633865353838653030356662346264313437313639643930363739666437
64386533653838613931653531313233333361386535626465646265323931333131313864363936
32356564346465366566373663333666656337623930623039383136616663636266366538376130
30336335343633383466333432326264326461343730326562333731393762363666633066313562
65636430393761353033346439333730373331333232643736383438393538343239626434386331
65623435393635373564643834643039306339373263396266623462366137336362383039383364
65323930633936363239623565363038343031326130626638393630333262386238343637343863
63616331633432666336616161656634353138306133366539333466363539386165333962313032
37316431646230323964613838303731633961636162333535366336613832313736323139386330
62396666316538646166316230643663396331343264653533333264373339343066633937323231
30316634646261643531633163393935323635376562646662306234316133663630303132313134
34346332396563303362326537336338383031343462356336323965663334356263636265383933
37383233626236363339643734646438383533373962353734383535346234303438396166306636
33336666663162313730316262666161313134623737383638636465323963323130333836633564
35346363626563663531626361623139393464316136373964616334633361666235393131383130
66393764616533393466376362663162656431373438333337346264313765303738633061626133
31623731353636313931393632323765333965646535373534363232396563623632316136393432
65643132653239346333376435356266306439613139326137336264613165313039393636303938
38356432373634663536643434303538353439346565616431623735336239613965646537343166
65343765316466306362663735616337333530643730653634396265376361303862643965353166
61396462666631326334356638633335663434623264353862356534363232363131346630306661
65623038386538326233623131636265396431386561306330646361356365393665663836646233
39323633613761663335303165386665653030363334336238306532636161313566336366636631
66356133356261626331306437663366653133623239363537313231656136323065616331336432
61633438353732653737653330633039653533303035353231333062653361306435633533313564
39343562633232313063393031303331663535313233396437303131306232373430656437663936
37393962633932346165653633313039386366613766613538303632636435616161343831666561
34316233306135316463393966313032646664626632353464313330396466623066613133643033
38383631623735323530663662643663383932376132373365636364343839383661343631326636
62663330636536313964383934396532663631356536383130346661343466643531326161663532
36356363623361386265633531623262376236303030376535303437323334323163333934343734
34313564373836646663626565356336663164366566353833623539653265393139653937323836
30366235636562393031656139333066346135636330643937643661333062646635336464643764
31386165366163613836653438663465363932346136653238303735653737306162363839316463
66376666663365343964633037313537373364333530656236343365633865623933386465363062
61316230313633643138666631326265353037303363656531333661333962313737303133646262
31306665613435666335613766323764643563323231363862616430363763306466363035356637
36373165646331323762383435326565323838643930383263323731383632646337616562363062
39646238373935626434376563336133333834373064626264333037303436313366343734626136
65323938626266373536343463383866376166376232303437626162353533633265323363663737
32663736386365663836363866396164656437303466666534663736653233373161313338356362
35356434613033663138376164616362626461333231313665653864666136323536643361646661
31353130633231383266666262333737303232316265373536303335313436383830366231636338
64396134323333653939346132393939626335313137623462393832613936396361303930343538
64316563353836346536616632336331303935653230643635336234656537666431383130393931
39663330633737316139306634616334663331393130613832636162356436656638303633393366
62393939346666303830333564376635313766383164386330616365383762323238363838336232
32633132373332383130363931323436363038373430643764326565613266366333303931613237
35393061333765346430373534353337363639323736643165313663396465653566383733326437
66633734646566316363333161343664373934356631663362663131626630353361613364303164
62383932653161353763
